version https://git-lfs.github.com/spec/v1
oid sha256:76522e22b006fc19f1261feccdd11853be3de815e227035eb835934376cfd306
size 4013613
