version https://git-lfs.github.com/spec/v1
oid sha256:c7c1b32fb6e70046f3e74f9179fd068cfadf50dbd158458a7cd55accc383b3f5
size 647221
