version https://git-lfs.github.com/spec/v1
oid sha256:0de0783b77947f79cd76faa94ef30d953ec7e794a08bcdaea476a95ce0756f77
size 3325987
